LR: 0.0250 - 26929 29629 36257 35871 28151 36076 30060 33723 30487 38316

LR: 0.0500 - 36438 37524 37831 38455 38762 36339 39505 35646 18875 26575

LR: 0.0550 - 27793 34024 33412 38477 27955

LR: 0.0600 - 37546 39056 36748 36113 38017

LR: 0.0625 - 39022 39018 33169 36205 36792 36893 33538 34656 34878 36556

LR: 0.0650 - 36822 27854 36409 36049 35842

LR: 0.0700 - 35584 37355 38097 34480 38015

LR: 0.0750 - 34140 38947 34328 37127 28549 35840 37587 36546 36092 36322

LR: 0.1500 - 26432 25783 34326 36695 28210 33265 37268 33745 29635 37499

LR: 0.2500 - 34467 32335 32888 35236 35637

LR: 0.3500 - 27431 32013 29940 26124 29538

LR: 0.4000 - 28614 30635 25904 29794 29453