LR: 0.10 - 3631 3617 3631

LR: 0.20 - 3766 3767 3748

LR: 0.30 - 3814 3815 3799 3819 3808

LR: 0.35 - 3817 3824 3789 3823 3812

LR: 0.375 - 3815 3838 3812 3804 3804

LR: 0.40 - 3811 3824 3837 3818 3820 3817 3820 3802 3813 3823

LR: 0.425 - 3838 3806 3814 3802 3782

LR: 0.45 - 3825 3776 3826 3809 3790

LR: 0.50 - 3785 3790 3764 3799 3790

LR: 0.60 - 3702 3705 3669

LR: 0.70 - 3575 3558 3589

LR: 0.80 - 3246 3279 3328

LR: 0.90 - 2829 2818 2863

LR: 0.99 - 1805 1907 1959

LR: 1.00 - 1637 1625 1520